# Created by Octave 4.4.1, Fri Oct 19 13:45:23 2018 GMT <unknown@xps>
# name: angles
# type: matrix
# rows: 26
# columns: 2
 0 90
 0 45
 90 45
 180 45
 270 45
 45 35
 135 35
 225 35
 315 35
 0 0
 45 0
 90 0
 135 0
 180 0
 225 0
 270 0
 315 0
 45 -35
 135 -35
 225 -35
 315 -35
 0 -45
 90 -45
 180 -45
 270 -45
 0 -90


