# Created by Octave 4.4.1, Fri Oct 19 13:43:55 2018 GMT <unknown@xps>
# name: angles
# type: matrix
# rows: 42
# columns: 2
 0 90
 0 58
 180 58
 58 54
 122 54
 238 54
 302 54
 90 32
 270 32
 21 30
 159 30
 201 30
 339 30
 58 18
 122 18
 238 18
 302 18
 0 0
 32 0
 90 0
 148 0
 180 0
 212 0
 270 0
 328 0
 58 -18
 122 -18
 238 -18
 302 -18
 21 -30
 159 -30
 201 -30
 339 -30
 90 -32
 270 -32
 58 -54
 122 -54
 238 -54
 302 -54
 0 -58
 180 -58
 0 -90


