# Created by Octave 4.4.1, Tue Oct 16 13:15:29 2018 GMT <unknown@xps>
# name: angles
# type: matrix
# rows: 50
# columns: 2
 0 90
 45 65
 135 65
 225 65
 315 65
 0 45
 90 45
 180 45
 270 45
 45 35
 135 35
 225 35
 315 35
 18 18
 72 18
 108 18
 162 18
 198 18
 252 18
 288 18
 342 18
 0 0
 45 0
 90 0
 135 0
 180 0
 225 0
 270 0
 315 0
 18 -18
 72 -18
 108 -18
 162 -18
 198 -18
 252 -18
 288 -18
 342 -18
 45 -35
 135 -35
 225 -35
 315 -35
 0 -45
 90 -45
 180 -45
 270 -45
 45 -65
 135 -65
 225 -65
 315 -65
 0 -90


